 98.86865374,     0000066.663,094.69226,      086.85886,0089.2111738
    00000052.177,      000064.528,0000045.531, 038.17751714,   044.8149
  041.3669831,      0068.0016946, 96.66776318,   22.84494858, 64.342393
     53.462338,9.7539979,56.54451636, 098.1689,   000067.6031
    17.49893427,  080.41788427,    0093.03851,      000084.026, 70.01946
     0018.986544,   38.29769,   00072.3503,00028.7454, 00000053.184
    0022.4873409,    13.65171,0036.038855,   52.734162,      024.12316
054.55501101,      0000041.656,     00084.5962,  0012.6893,    000030.97675
   05.90725, 15.3122052,    00070.66497,   0062.6741219,    000018.4258
 0084.8143, 096.7193424,      042.25649886,     00080.2421,  064.1402
    80.3063274,     0018.22264,      0045.6417,      78.91445461,      32.7429396
  0086.61837,    0033.097773,     000020.3806,      000095.49137,   000029.71654
     034.04618,    00001.526505,34.39139365,   00057.26019,21.4682204
     0000052.5594,   3.2792049, 00018.7352, 090.1296,    0000045.1062
    00054.638, 0000051.963, 82.9482979,      000064.52126,   21.30731675
  8.239998925,   0084.439,     075.309053,   000014.21361, 55.66407559
   0000.5350188,     0057.235, 00064.807,   00020.39167,  61.240298
    000071.059,   32.1870342,   00098.851553,   039.395322,      51.07015
   30.48077091,03.854397,   97.2983904,0.116000187,  052.07629679
    000088.7005,   025.1379, 00074.1646, 099.7662761,  031.7597612
 00050.7639,    033.61371,     20.58169347,   0006.5344,    018.468302
00069.048311,   000044.208,   0097.8528,00007.625,     00022.375
 000099.4603,  0000076.01,   000023.96846, 0000094.6288,    0016.11708
     00046.8919, 40.3495982,000046.51498,     0051.55077,    00060.620207
     70.473856,   00016.210765,  096.9887993, 0065.83495,  0000039.2045
 009.51522,00043.5054,  021.81694219,   00033.005625,0005.705095
    062.046916,      0000039.407,      000070.1003,   000065.3726, 00036.737596
   0020.8300881,     30.9870309, 0093.021,  000071.8688,    046.3606
034.060481,  068.185343, 25.453451,   00000083.899,     00000069.694
78.91896321,    0080.753358,00065.49778,0000075.525,   000000096.35
      0000033.1392,      080.45071, 00088.73598,    079.5616932, 00053.8649
  00000035.179,  24.152158,  0039.20086, 081.894089,   000090.4556
     000000098.62,    057.591763,   67.0062797,     0067.1191801,     075.95695
  03.256077634, 05.683652,000092.91827,      027.92258, 67.1757293
  00012.083298,      0000017.9564,     10.55905789,    0051.564369,    0000031.144
050.67184038,00075.509,  0000049.1827,      50.445365,      00033.3566
      0010.2831,   8.800877734,  00022.80176,  000010.9668, 0005.289277
      0000022.722,    000035.65414,  009.1161597,      087.3690632,  038.05727
    00092.2228,  85.2602197,   072.7618762,054.92301,     53.73818
     000028.32383,    044.3024,    000087.96228,  00.23389851, 0000037.247
     0002.5357894, 0003.8977498,   0047.397,  059.28837,0041.13206
11.6081079,  000096.72882,   014.0922,   00021.085,073.283655
71.499641,  30.72034078,      0072.34363,0000016.3621,      081.30820745
  0000019.1845,  00098.43703,     018.0529339,  75.4976715,  31.55730557
    00000064.932, 053.09607,76.82750988,54.00380536,   77.20671704
    000086.821,00064.833319,      061.319961,     0054.6174063,000.563704
      99.30133665, 62.30464878,  00005.8141,    0000098.313,     088.85294
      8.649533771,     40.40031783,00096.295322, 64.9248953,     15.36140196
   0000015.6788,     00000095.154,      0033.0737577,   66.42502255,97.98584686
   0000021.527, 000027.75654, 0079.24412, 29.60424535,0037.2184
  66.614043,    44.79875751,   75.65641,    33.0046659,  35.45184023
      0006.94248,      045.5303,    00067.875437,     000066.8775,  0076.712737
     22.696905,     0000088.0592,   0066.73885,     000052.3059, 98.1158105
    000076.20021,   00046.9754,  41.6736629,   00086.4246,    0012.626
     000039.79902,00089.9034,   085.71818,   3.991124165,      005.2036633
89.4879402, 054.780807,      00000053.119,    0000024.9104,      0033.3002342
 041.1102,    0000019.182,0068.056, 000019.27386,    0000095.4926
      67.7747062,  0082.5323,   00083.211,  81.6492313,  88.50802125
000025.54048,  48.20990247,  082.65982,0000024.391,     79.35676
    079.97492141, 79.88633302,   57.833486, 36.651276,   80.743877
     084.799167,    016.57088585,     000097.07806,    72.881911,   055.85267089
   043.0292,      00025.041906,   0079.4092,  4.11500511, 0000092.8597
11.4345874,0000045.2594,   0077.86647,     009.27600442,  00030.222144
 0031.6390917,75.27447,     0031.103,0071.8908103,46.1042006
   082.195795, 0000074.654,   088.9629,000044.4699,     0000043.3607
      00015.481,  0000004.0083, 62.8934886, 63.75458211,     34.189664
   067.426649,0013.863,     00000051.729,     00000034.707, 071.4804102
      00000097.805,     74.416852,     085.26243,   084.42909,      0.4770500581
    9.850115679,      000070.472,   35.681207,      0000083.964,      00067.063441
     81.53724644,61.95086688,  21.0343613,      00024.972,      072.78658
  10.423862,     63.065161,036.5844581,     33.945429,042.8564381
   0057.4212,   00000058.356, 00006.4073,    0072.685401,     00040.18694
  0050.58165,     22.56631226,  04.032438,   054.51354,    0095.701436
   00035.5795,0058.0238,     0098.556,    008.24768,   0001.15714
0005.1055,    000075.0201,   73.73591024, 11.2665631,  00098.3468
     96.33462454,     92.1948543,0000065.1267,  95.7277278, 62.029582
0019.424, 0093.91318,      43.29526, 090.943823,  00033.609338
36.754535,      000091.1932,      13.0536107,00079.454,  0000091.9346
 0000070.324,     0013.1099992,0064.6898,      45.7097995,      00060.165924
00069.353726,    078.54085,     98.3590663,   15.37447,      79.5513592
     00000036.394,062.9602, 089.817295,    0090.43526,   00054.14833
     0000016.6298,00000076.825,097.295719, 53.6355045, 000056.867
00013.14178,      033.685463, 0010.706929,     00004.07266,    00000005.995
0000040.8063,  00000011.55, 0095.8439544,   33.70402,  0050.1662
   0000058.2186,  0000043.101,      050.0382591,0048.289,  30.58649403
      14.8127912, 00022.097,     0054.296,16.39947226,   18.008115
  02.793002,    000058.3092,  000078.273,      00000042.727,    91.585942
     90.4207207,  00018.3765,     00079.822,   18.2508526, 0088.329
     0099.648, 97.585554,95.27183016,   71.86494353,  1.29409224
     8.5903596,    002.1698,      000089.1459,   12.88860857,    2.09507415
    000096.3806, 0057.911959,     045.8753541,      000016.3565,   13.53859146
   00074.374319, 02.85791, 0070.2193,    0061.3653625,      0066.639
 00085.940902,10.12524698,  31.72629394,    000044.10122,   73.662831
 00000093.762,  0053.6422393,     66.85699,    062.5661,   097.8152
      060.07334,  090.663548,    00094.3842,   010.49299,   21.11571284
    00083.178, 005.49729,   38.3199418, 0007.4075, 63.2418635
    9.22997282,  000088.82618,      000093.2615,00092.59,32.413793
0000076.541,     49.08551341,      86.14971, 04.006917377,     0057.79134
    35.82166347,  4.3414804,      0003.52648,57.1104314,      000084.621
 00000002.967,     001.614112,   000095.40912,    004.5598,   63.1374093
