# My numbers
# 4/29/14 4:00pm
# 
 21.189  15.306  29.159  26.820  25.146
 11.158  33.933  31.993  33.014  21.257
 30.989  21.298  25.291  31.072  17.721
 26.936  33.919  14.706  35.875  29.649
 11.335  16.408  33.014  28.964  31.885
 20.145  32.053  13.508  28.049  27.542
 26.799  31.697  20.132  18.044  25.840
 21.532  18.464  25.614  24.992  17.089
 22.929  28.412  32.553  15.517  16.117
 12.205  24.518  27.823  25.644  30.283
 20.209  19.859  29.079  28.110  21.472
 28.874  28.840  16.317  28.596  18.722
 34.331  15.155  13.351  20.913  15.992
 18.007  22.868  14.599  12.069  20.554
 16.619  28.808  30.768  32.281  29.183
 35.800  26.016  33.733  27.373  32.075
 29.066  17.979  35.742  28.149  34.979
 23.294  14.032  32.685  13.858  15.183
 16.372  13.416  34.437  25.424  30.843
 23.084  21.914  20.023  21.096  14.950
 35.725  13.402  22.163  34.267  22.613
 21.424  11.459  28.120  13.904  15.481
 30.261  21.871  30.135  24.966  25.300
 16.430  34.600  24.966  11.910  34.925
 20.318  11.975  12.181  28.892  26.424
 34.792  35.302  33.776  22.192  12.707
 33.884  29.838  24.593  30.927  11.523
 34.290  24.602  20.438  29.443  14.939
 26.503  24.364  18.465  11.860  20.133
 28.251  31.125  33.975  33.841  11.913
 16.728  29.374  23.432  29.313  25.323
 24.940  17.061  27.443  26.133  28.818
 15.021  31.869  22.076  27.797  25.853
 28.407  10.788  16.093  14.039  26.135
 35.014  35.345  18.622  26.311  11.484
 23.829  17.785  33.796  32.733  23.367
 26.508  35.381  35.704  25.832  26.867
 13.618  14.146  32.466  11.599  19.766
 29.389  21.329  15.587  17.189  35.385
 33.231  31.511  13.057  35.954  28.931
 20.630  21.635  14.422  33.325  24.191
 22.228  32.518  14.023  24.541  22.735
 32.660  11.864  12.168  27.512  19.835
 17.777  31.130  34.151  25.206  25.450
 32.423  27.574  30.499  29.358  28.948
 11.830  20.936  14.407  33.917  19.302
 33.037  28.491  32.712  34.609  26.791
 26.663  29.378  21.891  10.903  15.172
 29.401  15.680  10.872  26.243  18.672
 28.827  23.300  34.524  11.746  12.409
 30.106  21.417  31.160  15.291  31.166
 27.522  32.517  36.024  14.144  36.058
 35.209  19.705  12.470  13.742  22.674
 20.275  13.516  19.570  16.056  16.387
 16.859  10.744  20.622  11.806  14.170
 15.514  13.747  11.940  30.984  13.225
 34.428  30.462  22.492  26.295  20.188
 28.799  30.962  31.059  30.834  32.821
 23.427  16.755  27.898  18.318  12.931
 21.462  32.864  33.176  29.391  17.357
 22.805  22.963  20.804  26.174  11.370
 17.604  31.462  31.602  31.303  19.624
 32.161  33.038  25.072  30.505  35.505
 27.375  15.031  20.740  20.469  12.017
 17.533  31.591  19.793  30.264  13.658
 24.984  26.719  19.303  14.653  13.021
 19.154  34.180  31.674  23.111  19.534
 35.008  19.529  30.274  23.012  23.939
 34.693  10.992  27.312  17.167  33.874
 23.137  13.799  10.889  29.666  33.373
 23.616  23.083  29.645  17.750  25.022
 19.420  19.509  12.084  17.175  23.436
 24.038  22.116  27.609  29.070  32.283
 33.448  29.246  24.920  12.881  10.766
 22.093  20.270  34.407  22.522  13.755
 22.502  10.805  19.890  32.410  24.482
 27.734  35.450  21.976  36.039  26.514
 34.020  34.717  29.885  22.872  22.666
 31.164  23.815  11.115  18.623  29.435
 27.477  28.785  14.591  26.483  34.840
 24.871  28.838  29.327  23.889  11.767
 13.627  14.605  23.599  15.166  16.031
 27.874  18.720  24.691  17.667  20.744
 19.834  21.214  23.930  32.481  17.311
 11.664  29.729  15.366  31.602  25.483
 31.488  22.435  17.783  29.576  29.085
 33.861  22.629  16.178  30.538  25.366
 32.958  14.713  22.149  10.950  15.784
 13.881  28.191  36.136  23.503  27.024
 21.601  16.609  29.447  21.539  12.189
 17.231  27.358  14.772  22.620  34.894
 30.334  22.717  13.762  17.926  20.770
 22.955  24.160  36.059  32.583  33.105
 30.579  21.326  25.436  13.863  26.438
 33.567  15.763  36.126  27.121  20.719
 16.423  30.485  19.223  23.594  18.264
 19.091  26.872  29.498  12.860  19.841
 25.584  18.567  15.585  30.891  21.772
 29.694  25.560  23.635  34.214  24.646
 15.676  34.909  29.865  27.987  12.980
